1 10 8 31
1 9 41 59
1 0 69 86
1 3 96 120
1 1 130 147
1 12 157 179
1 2 189 204
1 8 214 238
1 7 248 272
1 17 282 304
1 16 314 331
1 6 341 359
1 5 369 385
1 14 395 417
1 15 427 445
1 13 455 473
1 11 483 505
1 4 515 530
2 10 23 46
2 9 56 74
2 0 84 101
2 3 111 135
2 1 145 162
2 12 172 194
2 2 204 219
2 8 229 253
2 7 263 287
2 17 297 319
2 16 329 347
2 6 357 375
2 5 385 401
2 14 411 433
2 15 443 461
2 13 471 489
2 11 499 521
2 4 531 546
3 3 126 146
3 2 171 208
3 8 212 216
3 5 233 265
3 11 268 274
3 17 293 322
3 7 332 336
3 15 358 386
3 9 391 422
3 0 423 450
3 4 453 469
3 1 480 500
3 10 505 509
3 16 554 579
3 6 581 605
3 12 606 625
3 13 638 650
4 3 18 45
4 14 45 54
4 2 74 105
4 8 113 117
4 5 137 166
4 11 173 177
4 17 196 227
4 7 234 239
4 15 262 274
4 9 285 289
4 0 303 318
4 4 356 364
4 1 386 399
4 10 411 414
4 16 444 459
4 6 486 515
4 12 516 524
4 13 544 552
5 12 71 94
5 0 103 121
5 1 130 148
5 2 157 175
5 15 185 203
5 17 213 237
5 9 247 270
5 5 280 300
5 14 309 326
5 3 334 351
5 8 360 382
5 6 392 413
5 10 422 445
5 4 454 470
5 11 479 504
5 13 513 532
5 7 541 563
5 16 573 590
6 12 9 32
6 0 41 58
6 1 67 84
6 2 94 112
6 15 121 138
6 17 149 173
6 9 183 207
6 5 216 237
6 14 246 262
6 3 271 288
6 8 297 319
6 6 327 349
6 10 359 380
6 4 390 407
6 11 416 440
6 13 449 468
6 7 477 499
6 16 508 527
7 1 70 99
7 9 107 129
7 16 139 162
7 3 171 191
7 17 201 225
7 4 234 257
7 12 265 288
7 11 297 315
7 10 325 350
7 6 359 380
7 0 390 409
7 7 417 435
7 15 444 468
7 2 477 502
7 13 511 532
7 5 541 560
7 14 569 586
7 8 596 619
8 1 83 101
8 9 110 132
8 16 141 164
8 3 174 194
8 17 203 227
8 4 234 258
8 12 267 292
8 11 301 319
8 10 328 353
8 6 363 385
8 0 394 411
8 7 420 458
8 15 467 491
8 2 499 524
8 13 534 555
8 5 563 582
8 14 592 609
8 8 618 641
9 3 15 32
9 1 42 62
9 6 72 88
9 0 98 120
9 14 130 152
9 7 162 186
9 8 196 212
9 12 222 237
9 17 247 262
9 4 272 294
9 13 305 321
9 15 331 348
9 9 358 382
9 16 392 416
9 10 426 442
9 5 452 469
9 11 479 494
9 2 504 526
10 3 20 39
10 1 49 69
10 6 80 97
10 0 107 129
10 14 139 161
10 7 171 195
10 8 205 221
10 12 231 246
10 17 256 271
10 4 281 303
10 13 313 330
10 15 340 357
10 9 367 391
10 16 401 425
10 10 435 451
10 5 461 478
10 11 488 503
10 2 513 535
